0.044489365833267 0.109218341952384
0.234526109519618 0.210443107938813
0.576884629301885 0.235213229669848
1.07244875381782 0.195903335972882
1.72240877644464 0.129983786286073
2.52833670642579 0.0705786238657173
3.49221327302199 0.0317609125091752
4.61645676974976 0.0119182148348387
5.90395850417424 0.00373881629461149
7.35812673318624 0.000980803306614945
8.9829409242126 0.000214864918801361
10.78301863254 3.92034196798792e-05
12.7636979867427 5.93454161286859e-06
14.9311397555226 7.41640457866755e-07
17.2924543367153 7.6045678791207e-08
19.8558609403361 6.35060222662563e-09
22.6308890131968 4.28138297104088e-10
25.6286360224592 2.30589949189130e-11
28.8621018163235 9.79937928872708e-13
32.3466291539647 3.23780165772921e-14
36.100494805752 8.17182344342059e-16
40.1457197715394 1.54213383339381e-17
44.5092079957549 2.11979229016363e-19
49.2243949873086 2.05442967378797e-21
54.3337213333969 1.34698258663734e-23
59.892509162134 5.6612941303974e-26
65.9753772879351 1.41856054546301e-28
72.6876280906627 1.91337549445417e-31
80.1874469779135 1.19224876009825e-34
111.751398097938 4.51053619389819e-48
