Lith,depo poro,Athy k,Athy k,Compress. Y Max.,Compress. Y Min.,"Schneider Factor,ka","Schneider Factor,kb","Schneider Factor,£X",Reciprocal Compaction Factor,Vert. Cond.,Anisotr.,Sp. Heat Cap.,Th. Sort. Fac.,Den.,U,Th,K,Radioactive Heat,Perm. Anisotr.,Porosity at point 1,Porosity at point 2,Porosity at point 3,Permeability at Point 1,Permeability at Point 2,Permeability at Point 3,Entry Pr. at Porosity 1%,Entry Pr. at Porosity 25%,aToEntryPr,bToEntryPr
,%,1/km,1/Mpa,1e-7/kPa,1e-7/kPa,1/Mpa,1/Mpa,digit,1/km,W/(mK),,J/(kgK),f,kg/m^3,ppm,ppm,%,£gW/m^3,,%,%,%,log mD,log mD,log mD,Mpa,Mpa,Mpa,digit
Limestone,,,,,,,,,,,,,,,,,,,,,,,,,,,,,
  ooid grainstone,35.000000,0.010000,0.001000,2.000000,1.000000,0.001000,0.001000,0.180000,,3.000000,1.190000,835.000000,1.110000,2740.000000,1.000000,1.000000,0.200000,0.350000,1.100000,1.000000,15.000000,35.000000,-2.440000,2.600000,3.000000,1.420000,0.080000,1.740000,-0.086000
  Waulsort. mound,16.000000,0.010000,0.001000,2.000000,1.000000,0.001000,0.001000,0.080000,,3.000000,1.190000,835.000000,1.110000,2740.000000,1.000000,1.000000,0.200000,0.350000,1.100000,1.000000,12.000000,16.000000,-2.500000,3.000000,3.350000,1.470000,0.060000,1.940000,-0.120000
  micrite,51.000000,0.520000,0.047660,850.000000,19.800000,0.032120,0.078940,0.260000,,3.000000,1.190000,835.000000,1.110000,2740.000000,1.000000,1.000000,0.200000,0.350000,1.100000,1.000000,25.000000,51.000000,-2.200000,1.000000,1.520000,1.250000,0.260000,1.340000,-0.032000
  shaly,48.000000,0.500000,0.044930,686.500000,18.800000,0.030910,0.070900,0.240000,,2.300000,1.700000,850.000000,1.380000,2730.000000,2.000000,4.000000,1.000000,0.890000,2.000000,1.000000,25.000000,48.000000,-1.990000,0.720000,1.500000,1.110000,0.320000,1.180000,-0.027000
  org.-rich,,,,,,,,,,,,,,,,,,,,,,,,,,,,,
    typical,51.000000,0.520000,0.049390,881.200000,20.500000,0.033290,0.081850,0.260000,,2.000000,1.950000,845.000000,1.470000,2680.000000,5.000000,1.500000,0.260000,1.400000,2.000000,1.000000,25.000000,51.000000,-1.990000,0.730000,1.000000,1.110000,0.310000,1.180000,-0.027000
    1-2% TOC,51.000000,0.520000,0.048510,865.100000,20.100000,0.032700,0.080370,0.260000,,2.630000,1.400000,840.000000,1.160000,2710.000000,2.500000,1.700000,0.270000,0.790000,1.200000,1.000000,25.000000,51.000000,-1.990000,0.730000,1.000000,1.110000,0.310000,1.180000,-0.027000
    10% TOC,51.000000,0.520000,0.053650,956.800000,22.300000,0.036160,0.088900,0.260000,,1.450000,2.680000,850.000000,1.840000,2550.000000,10.000000,1.400000,0.250000,2.540000,2.000000,1.000000,25.000000,51.000000,-1.990000,0.720000,1.000000,1.110000,0.320000,1.180000,-0.027000
"  chalk,typical",70.000000,0.900000,0.105460,4613.300000,41.600000,0.207930,0.058130,0.350000,,2.900000,1.070000,850.000000,1.000000,2680.000000,1.900000,1.400000,0.250000,0.600000,1.500000,1.000000,25.000000,70.000000,-6.750000,-3.100000,1.000000,15.420000,5.780000,16.780000,-0.037000
"  chalk,95% calcite",70.000000,0.900000,0.105460,4611.200000,41.700000,0.207930,0.058130,0.350000,,3.000000,1.040000,830.000000,1.000000,2680.000000,1.900000,1.400000,0.250000,0.600000,1.500000,1.000000,25.000000,70.000000,-6.750000,-3.100000,1.000000,15.420000,5.780000,16.780000,-0.037000
"  chalk,75% calcite",67.000000,0.900000,0.101240,3871.100000,40.600000,0.190000,0.057380,0.340000,,2.650000,1.150000,840.000000,1.000000,2680.000000,1.900000,1.400000,0.250000,0.600000,2.000000,1.000000,25.000000,67.000000,-6.750000,-3.100000,1.000000,15.420000,5.780000,16.780000,-0.037000
"  chalk,40% calcite",65.000000,0.900000,0.098700,3453.300000,39.900000,0.058910,0.189750,0.330000,,3.200000,1.100000,860.000000,1.000000,2680.000000,1.900000,1.400000,0.250000,0.600000,3.000000,1.000000,25.000000,65.000000,-6.750000,-3.100000,1.000000,15.420000,5.780000,16.780000,-0.037000
Marl,50.000000,0.500000,0.046510,778.000000,19.800000,0.073750,0.030860,0.250000,,2.000000,1.450000,850.000000,1.000000,2700.000000,2.500000,5.000000,2.000000,1.180000,1.200000,1.000000,25.000000,50.000000,-5.050000,-2.250000,-0.780000,6.030000,3.030000,6.430000,-0.028000
Dolomite,,,,,,,,,,,,,,,,,,,,,,,,,,,,,
  typical,35.000000,0.390000,0.030840,252.300000,11.000000,0.042190,0.023440,0.170000,,4.200000,1.060000,860.000000,1.000000,2790.000000,0.800000,0.600000,0.400000,0.290000,1.100000,1.000000,25.000000,35.000000,0.110000,2.830000,3.920000,0.350000,0.060000,0.370000,-0.027000
"  org.-lean,sandy",35.000000,0.390000,0.031190,255.200000,11.200000,0.043120,0.023440,0.170000,,4.250000,1.060000,860.000000,1.000000,2770.000000,0.900000,0.900000,0.700000,0.370000,1.100000,1.000000,25.000000,35.000000,0.600000,2.980000,3.930000,0.270000,0.060000,0.280000,-0.024000
"  org.-lean,silty",35.000000,0.390000,0.031380,256.700000,11.200000,0.041880,0.024060,0.170000,,3.000000,1.100000,860.000000,1.000000,2760.000000,0.900000,0.900000,0.800000,0.380000,1.100000,1.000000,25.000000,35.000000,0.310000,2.880000,3.910000,0.310000,0.060000,0.330000,-0.026000
  org.-rich,35.000000,0.390000,0.034590,283.000000,12.400000,0.026560,0.046340,0.170000,,2.150000,2.440000,910.000000,1.760000,2600.000000,10.000000,1.400000,0.600000,2.620000,1.200000,1.000000,25.000000,35.000000,-0.370000,2.690000,3.910000,0.450000,0.070000,0.490000,-0.031000
Coal,,,,,,,,,,,,,,,,,,,,,,,,,,,,,
"  Coal,pure",76.000000,0.430000,1.513960,87407.400000,564.600000,3.417360,0.740430,0.380000,,0.300000,1.200000,1300.000000,1.030000,1600.000000,1.500000,3.000000,0.550000,0.380000,4.000000,3.020000,25.000000,76.000000,-7.500000,-2.600000,0.000000,23.350000,5.360000,26.140000,-0.049000
"  Coal,impure",74.000000,0.420000,0.225970,11692.700000,87.900000,0.496950,0.113280,0.370000,,1.000000,1.150000,1200.000000,1.000000,1600.000000,2.000000,3.000000,0.700000,0.470000,4.000000,3.170000,25.000000,74.000000,-7.500000,-2.600000,0.000000,23.350000,5.360000,26.160000,-0.050000
"  Coal,silty",68.000000,0.400000,0.133920,5289.100000,53.200000,0.073080,0.280350,0.340000,,1.600000,1.300000,1100.000000,1.000000,1600.000000,2.000000,3.000000,0.700000,0.470000,4.000000,3.390000,25.000000,68.000000,-7.500000,-2.600000,0.000000,23.350000,5.350000,26.190000,-0.050000
Sandstone,,,,,,,,,,,,,,,,,,,,,,,,,,,,,
  typical,41.000000,0.310000,0.026600,274.700000,11.500000,0.041560,0.017810,0.200000,,3.950000,1.150000,855.000000,1.000000,2720.000000,1.300000,3.500000,1.300000,0.700000,5.000000,1.000000,25.000000,41.000000,-1.800000,3.000000,4.330000,1.000000,0.060000,1.120000,-0.048000
  clay-rich,40.000000,0.320000,0.026610,265.400000,11.100000,0.040000,0.018120,0.200000,,3.350000,1.200000,860.000000,1.000000,2760.000000,1.500000,5.100000,3.600000,1.100000,10.000000,1.000000,25.000000,40.000000,-2.800000,2.000000,3.620000,1.740000,0.120000,1.940000,-0.048000
  clay-poor,42.000000,0.300000,0.026270,280.500000,11.800000,0.040470,0.017340,0.210000,,5.950000,1.050000,820.000000,1.000000,2700.000000,0.700000,2.300000,0.600000,0.400000,5.000000,1.000000,25.000000,42.000000,-1.800000,3.000000,4.840000,1.000000,0.060000,1.120000,-0.048000
  quartzite,,,,,,,,,,,,,,,,,,,,,,,,,,,,,
    typical,42.000000,0.300000,0.027260,291.000000,12.200000,0.042810,0.017810,0.210000,,6.150000,1.080000,890.000000,1.000000,2640.000000,0.600000,1.800000,0.900000,0.360000,3.000000,1.000000,25.000000,42.000000,-1.800000,3.000000,4.840000,1.000000,0.060000,1.120000,-0.048000
    very quartz-rich,42.000000,0.270000,0.024610,252.600000,11.800000,0.016150,0.039770,0.210000,,6.450000,1.060000,890.000000,1.000000,2640.000000,0.500000,1.700000,0.700000,0.300000,2.000000,1.000000,25.000000,42.000000,-1.800000,3.000000,4.840000,1.000000,0.060000,1.120000,-0.048000
  subarkose,,,,,,,,,,,,,,,,,,,,,,,,,,,,,
    typical,41.000000,0.280000,0.024680,244.800000,11.400000,0.016310,0.038740,0.200000,,4.550000,1.140000,870.000000,1.000000,2680.000000,1.000000,3.300000,1.300000,0.600000,3.000000,1.000000,25.000000,41.000000,-1.800000,3.000000,4.730000,1.000000,0.060000,1.120000,-0.048000
    quartz-rich,42.000000,0.280000,0.025330,263.400000,11.900000,0.039840,0.016410,0.210000,,5.050000,1.130000,880.000000,1.000000,2650.000000,0.900000,2.700000,0.900000,0.490000,3.000000,1.000000,25.000000,42.000000,-1.800000,3.000000,4.840000,1.000000,0.060000,1.120000,-0.048000
    clay-rich,42.000000,0.300000,0.026430,282.200000,11.800000,0.040630,0.017500,0.210000,,3.400000,1.400000,870.000000,1.000000,2690.000000,1.200000,3.900000,2.300000,0.790000,10.000000,1.000000,25.000000,42.000000,-2.800000,2.000000,3.840000,1.740000,0.120000,1.940000,-0.048000
    clay-poor,42.000000,0.300000,0.026270,280.500000,11.800000,0.040470,0.017340,0.210000,,4.800000,1.090000,870.000000,1.000000,2700.000000,0.700000,2.300000,0.600000,0.400000,3.000000,1.000000,25.000000,42.000000,-1.800000,3.000000,4.840000,1.000000,0.060000,1.120000,-0.048000
    dolomite¡Vrich,40.000000,0.300000,0.025720,249.800000,11.200000,0.040000,0.016880,0.200000,,4.100000,1.070000,840.000000,1.000000,2710.000000,0.900000,2.700000,0.900000,0.500000,5.000000,1.000000,25.000000,40.000000,-2.300000,2.500000,4.120000,1.320000,0.080000,1.470000,-0.048000
  arkose,,,,,,,,,,,,,,,,,,,,,,,,,,,,,
    typical,39.000000,0.330000,0.027720,267.300000,11.200000,0.019810,0.042120,0.200000,,3.200000,1.250000,845.000000,1.000000,2730.000000,3.000000,8.000000,2.500000,1.580000,5.000000,1.000000,25.000000,39.000000,-1.800000,3.000000,4.510000,1.000000,0.060000,1.120000,-0.048000
    quartz-rich,41.000000,0.300000,0.026230,267.100000,11.600000,0.040940,0.017500,0.200000,,4.050000,1.200000,860.000000,1.000000,2690.000000,2.000000,6.000000,0.900000,1.010000,4.000000,1.000000,25.000000,41.000000,-1.800000,3.000000,4.730000,1.000000,0.060000,1.120000,-0.048000
    quartz-poor,40.000000,0.320000,0.026460,263.900000,11.100000,0.040000,0.018120,0.200000,,2.000000,1.500000,835.000000,1.000000,2770.000000,3.000000,8.000000,2.500000,1.600000,7.000000,1.000000,25.000000,40.000000,-2.300000,2.500000,4.120000,1.320000,0.080000,1.470000,-0.048000
    clay-rich,40.000000,0.320000,0.026610,265.400000,11.100000,0.040000,0.018120,0.200000,,2.300000,1.450000,865.000000,1.000000,2760.000000,2.000000,7.000000,3.600000,1.370000,10.000000,1.000000,25.000000,40.000000,-2.800000,2.000000,3.620000,1.740000,0.120000,1.940000,-0.048000
    clay-poor,39.000000,0.320000,0.027220,258.900000,11.200000,0.040630,0.018120,0.200000,,4.000000,1.120000,835.000000,1.000000,2710.000000,2.000000,7.000000,1.000000,1.100000,4.000000,1.000000,25.000000,39.000000,-1.800000,3.000000,4.510000,1.000000,0.060000,1.120000,-0.048000
    dolomite-rich,39.000000,0.320000,0.026580,252.800000,11.000000,0.038750,0.018120,0.200000,,4.350000,1.050000,850.000000,1.000000,2750.000000,1.500000,5.100000,3.600000,1.100000,5.000000,1.000000,25.000000,39.000000,-2.300000,2.500000,4.010000,1.320000,0.080000,1.470000,-0.048000
  wacke,39.000000,0.340000,0.027730,271.100000,10.900000,0.019920,0.041920,0.200000,,2.600000,1.400000,850.000000,1.000000,2780.000000,2.500000,8.000000,2.500000,1.470000,7.000000,1.000000,25.000000,39.000000,-2.800000,2.000000,3.510000,1.740000,0.120000,1.940000,-0.048000
Shale,,,,,,,,,,,,,,,,,,,,,,,,,,,,,
  typical,70.000000,0.830000,0.096130,4032.700000,40.300000,0.191570,0.052700,0.350000,,1.640000,1.600000,860.000000,1.380000,2700.000000,3.700000,12.000000,2.700000,2.030000,1.200000,1.000000,25.000000,70.000000,-8.520000,-3.000000,-1.000000,41.020000,5.360000,46.580000,-0.055000
  org.-lean,,,,,,,,,,,,,,,,,,,,,,,,,,,,,
    typical,70.000000,0.830000,0.096130,4032.700000,40.300000,0.191570,0.052700,0.350000,,1.700000,1.550000,860.000000,1.350000,2700.000000,3.700000,12.000000,2.700000,2.030000,1.200000,1.000000,25.000000,70.000000,-8.520000,-3.000000,-1.000000,41.020000,5.360000,46.580000,-0.055000
    sandy,65.000000,0.830000,0.089990,3005.200000,38.700000,0.174790,0.053400,0.330000,,1.840000,2.000000,860.000000,1.640000,2700.000000,2.800000,11.000000,2.500000,1.710000,1.500000,1.000000,25.000000,65.000000,-8.420000,-2.000000,1.000000,38.820000,2.500000,45.000000,-0.064000
    silty,67.000000,0.830000,0.092300,3373.400000,39.400000,0.183940,0.053570,0.340000,,1.770000,1.800000,860.000000,1.510000,2700.000000,3.000000,11.000000,2.600000,1.780000,1.300000,1.000000,25.000000,67.000000,-8.470000,-2.500000,0.500000,39.900000,3.660000,45.780000,-0.060000
"    silic.,typical",70.000000,0.830000,0.095560,4007.500000,40.100000,0.190430,0.052380,0.350000,,1.900000,1.170000,860.000000,1.000000,2710.000000,2.000000,4.500000,2.000000,1.020000,1.500000,1.000000,25.000000,70.000000,-8.470000,-2.000000,1.300000,39.900000,2.500000,46.310000,-0.065000
"    silic.,95% Opal-CT",80.000000,0.830000,0.146310,7397.500000,37.800000,0.332480,0.069830,0.400000,,1.750000,1.160000,860.000000,1.000000,2330.000000,1.000000,1.300000,1.000000,0.380000,1.100000,1.000000,25.000000,80.000000,-8.420000,-1.500000,-1.000000,38.820000,1.710000,45.520000,-0.069000
  black,70.000000,0.830000,0.109310,4584.300000,45.800000,0.223480,0.060820,0.350000,,0.900000,3.270000,940.000000,2.400000,2500.000000,19.000000,11.000000,2.500000,5.440000,5.000000,1.000000,25.000000,70.000000,-8.520000,-3.000000,-1.000000,41.020000,5.350000,46.580000,-0.055000
  organic-rich,,,,,,,,,,,,,,,,,,,,,,,,,,,,,
    typical,70.000000,0.830000,0.109310,4291.100000,42.900000,0.185490,0.052650,0.300000,,1.250000,2.190000,900.000000,1.760000,2600.000000,5.000000,12.000000,2.800000,2.290000,5.000000,1.000000,25.000000,70.000000,-8.520000,-3.000000,-1.000000,41.020000,5.350000,46.580000,-0.055000
    3% TOC,70.000000,0.830000,0.101650,4264.100000,42.600000,0.207820,0.056560,0.350000,,1.450000,1.840000,880.000000,1.540000,2610.000000,5.000000,12.000000,2.800000,2.300000,2.000000,1.000000,25.000000,70.000000,-8.520000,-3.000000,-1.000000,41.020000,5.350000,46.580000,-0.055000
    8% TOC,70.000000,0.830000,0.109310,4584.300000,45.400000,0.223480,0.060820,0.350000,,1.200000,2.200000,900.000000,1.740000,2500.000000,10.000000,11.000000,2.900000,3.340000,5.000000,1.000000,25.000000,70.000000,-8.520000,-3.000000,-1.000000,41.020000,5.350000,46.580000,-0.055000
    20% TOC,70.000000,0.830000,0.129750,5441.200000,54.400000,0.265270,0.072190,0.350000,,0.800000,3.090000,980.000000,2.220000,2270.000000,20.000000,11.000000,2.600000,5.170000,10.000000,1.000000,25.000000,70.000000,-8.520000,-3.000000,-1.000000,41.020000,5.350000,46.580000,-0.055000
Siltstone,,,,,,,,,,,,,,,,,,,,,,,,,,,,,
  org.-lean,55.000000,0.510000,0.049070,1036.100000,21.100000,0.031650,0.086110,0.280000,,2.050000,1.500000,910.000000,1.000000,2720.000000,2.000000,5.000000,1.000000,0.960000,10.000000,1.000000,25.000000,55.000000,-6.280000,-1.000000,0.710000,11.900000,1.170000,13.430000,-0.053000
  organic-rich,,,,,,,,,,,,,,,,,,,,,,,,,,,,,
    typical,55.000000,0.510000,0.049370,1042.200000,21.200000,0.031850,0.086600,0.280000,,2.010000,1.710000,940.000000,1.470000,2710.000000,2.000000,5.000000,1.000000,0.960000,10.000000,1.000000,25.000000,55.000000,-6.280000,-1.000000,0.710000,11.900000,1.170000,13.430000,-0.053000
    >10% TOC,55.000000,0.510000,0.054590,1152.600000,23.500000,0.091190,0.034190,0.280000,,1.820000,2.640000,960.000000,2.030000,2550.000000,15.000000,6.000000,2.000000,4.210000,10.000000,1.000000,25.000000,55.000000,-6.280000,-1.000000,0.710000,11.900000,1.170000,13.430000,-0.053000
    2-3% TOC,55.000000,0.510000,0.049660,1048.700000,21.400000,0.032040,0.087140,0.280000,,2.000000,1.760000,930.000000,1.520000,2700.000000,2.500000,6.500000,2.000000,1.280000,10.000000,1.000000,25.000000,55.000000,-6.280000,-1.000000,0.710000,11.900000,1.170000,13.430000,-0.053000
Conglomerate,,,,,,,,,,,,,,,,,,,,,,,,,,,,,
  typical,30.000000,0.300000,0.024290,142.100000,8.800000,0.018970,0.032280,0.150000,,2.300000,1.050000,820.000000,1.000000,2700.000000,1.500000,4.000000,2.000000,0.850000,1.100000,1.000000,25.000000,30.000000,-2.800000,2.000000,4.000000,1.740000,0.120000,1.940000,-0.048000
  quartzitic,30.000000,0.300000,0.024290,142.100000,8.800000,0.018970,0.032280,0.150000,,6.100000,1.050000,780.000000,1.000000,2700.000000,1.000000,4.000000,1.200000,0.650000,1.100000,1.000000,25.000000,30.000000,-2.800000,2.000000,4.000000,1.740000,0.120000,1.940000,-0.048000
Tuff,,,,,,,,,,,,,,,,,,,,,,,,,,,,,
"  Tuff,felsic",60.000000,0.350000,0.037110,959.100000,16.500000,0.069610,0.021170,0.300000,,2.600000,1.170000,830.000000,1.000000,2650.000000,3.000000,6.500000,3.900000,1.560000,1.300000,1.000000,28.000000,60.000000,-1.870000,1.750000,4.000000,1.740000,0.120000,1.940000,-0.048000
"  Tuff,basaltic",60.000000,0.350000,0.032120,829.300000,14.300000,0.060000,0.018440,0.300000,,1.900000,1.170000,830.000000,1.000000,2900.000000,0.650000,2.200000,0.850000,0.430000,1.300000,1.000000,28.000000,60.000000,-1.870000,1.750000,4.000000,1.740000,0.120000,1.940000,-0.048000
Diatomite,,,,,,,,,,,,,,,,,,,,,,,,,,,,,
"  Diatomite,clay-poor",,,,,,,,,,1.600000,1.000000,790.000000,1.000000,2100.000000,1.300000,1.000000,1.000000,0.390000,3.000000,1.000000,25.000000,80.000000,-2.550000,-1.300000,3.000000,2.940000,1.470000,1.560000,-0.013000
"  Diatomite,clay-rich",,,,,,,,,,1.500000,1.100000,800.000000,1.000000,2300.000000,3.000000,2.600000,2.500000,1.010000,10.000000,1.000000,25.000000,75.000000,-3.050000,-1.800000,2.500000,4.300000,2.150000,2.050000,-0.013000
Kerogen,,,,,,,,,,1.000000,1.000000,630.000000,1.000000,1100.000000,100.000000,0.000000,0.000000,10.470000,,,,,,,,,,,
Chemical Sediments,,,,,,,,,,,,,,,,,,,,,,,,,,,,,
  Polyhalite,,,,,,,,,,1.000000,1.000000,700.000000,1.000000,2780.000000,0.020000,0.010000,12.900000,1.250000,,,,,,,,,,,
  Salt,,,,,,,,,,6.500000,1.010000,860.000000,1.000000,2740.000000,0.020000,0.010000,0.100000,0.020000,,,,,,,,,,,
  Sylvinite,,,,,,,,,,1.000000,1.020000,685.000000,1.000000,2100.000000,0.020000,0.010000,20.600000,1.510000,,,,,,,,,,,
  Anhydrite,,,,,,,,,,6.300000,1.050000,750.000000,1.000000,2970.000000,0.100000,0.300000,0.400000,0.090000,,,,,,,,,,,
  Chert,,,,,,,,,,4.800000,1.000000,890.000000,1.000000,2650.000000,1.000000,1.000000,0.700000,0.380000,,,,,,,,,,,
  Gypsum,,,,,,,,,,1.500000,1.150000,1100.000000,1.000000,2320.000000,0.080000,0.200000,0.300000,0.050000,,,,,,,,,,,
  Halite,,,,,,,,,,6.500000,1.010000,860.000000,1.000000,2200.000000,0.020000,0.010000,0.100000,0.010000,,,,,,,,,,,
Igneous Rocks,,,,,,,,,,,,,,,,,,,,,,,,,,,,,
  Albitite,,,,,,,,,,2.000000,1.000000,785.000000,,2600.000000,0.020000,0.020000,0.400000,0.040000,,,,,,,,,,,
  Andesite,,,,,,,,,,2.700000,1.000000,820.000000,,2650.000000,1.350000,2.500000,1.400000,0.640000,,,,,,,,,,,
  Anorthosite,,,,,,,,,,1.700000,1.000000,750.000000,,2800.000000,1.000000,3.500000,0.450000,0.560000,,,,,,,,,,,
"  Basalt,normal",,,,,,,,,,1.800000,1.170000,800.000000,,2870.000000,0.900000,2.700000,0.800000,0.520000,,,,,,,,,,,
"  Basalt,weathered",,,,,,,,,,2.100000,1.170000,790.000000,,2870.000000,0.900000,2.700000,0.800000,0.520000,,,,,,,,,,,
  Bronzitite,,,,,,,,,,3.800000,1.000000,760.000000,,3450.000000,0.020000,0.020000,0.050000,0.010000,,,,,,,,,,,
  Diabase,,,,,,,,,,2.600000,1.000000,800.000000,,2800.000000,0.250000,0.900000,0.450000,0.180000,,,,,,,,,,,
  Diorite,,,,,,,,,,2.700000,1.000000,1140.000000,,2900.000000,2.000000,8.500000,1.100000,1.290000,,,,,,,,,,,
  Dolerite,,,,,,,,,,2.300000,1.000000,900.000000,,2930.000000,0.400000,1.600000,0.700000,0.300000,,,,,,,,,,,
  Dunite,,,,,,,,,,3.800000,1.300000,720.000000,,3310.000000,0.004000,0.004000,0.010000,0.000000,,,,,,,,,,,
  Gabbro,,,,,,,,,,2.600000,1.000000,800.000000,,2870.000000,0.250000,0.800000,0.500000,0.180000,,,,,,,,,,,
"  Granite,150My old",,,,,,,,,,2.600000,1.150000,800.000000,,2650.000000,6.500000,17.000000,5.700000,3.320000,,,,,,,,,,,
"  Granite,500My old",,,,,,,,,,2.600000,1.150000,800.000000,,2650.000000,4.500000,15.000000,4.500000,2.570000,,,,,,,,,,,
"  Granite,>1000My old",,,,,,,,,,2.600000,1.150000,800.000000,,2650.000000,4.000000,13.500000,3.500000,2.250000,,,,,,,,,,,
  Granodiorite,,,,,,,,,,2.600000,1.000000,730.000000,,2720.000000,2.300000,9.300000,2.800000,1.510000,,,,,,,,,,,
  Harzburgite,,,,,,,,,,6.900000,1.000000,760.000000,,3300.000000,0.020000,0.020000,0.050000,0.010000,,,,,,,,,,,
  Hypersthenite,,,,,,,,,,4.100000,1.000000,760.000000,,3450.000000,0.020000,0.020000,0.050000,0.010000,,,,,,,,,,,
  Lamprophyre,,,,,,,,,,2.500000,1.000000,760.000000,,3000.000000,1.200000,5.500000,4.100000,1.190000,,,,,,,,,,,
  Lherzolite,,,,,,,,,,3.300000,1.000000,780.000000,,3150.000000,0.015000,0.050000,0.000600,0.010000,,,,,,,,,,,
  Monzonite,,,,,,,,,,2.700000,1.000000,740.000000,,2600.000000,2.700000,8.500000,4.000000,1.600000,,,,,,,,,,,
"  Monzonite,quartz",,,,,,,,,,2.800000,1.000000,880.000000,,2700.000000,6.500000,27.000000,3.400000,3.860000,,,,,,,,,,,
  Nepheline syenite,,,,,,,,,,2.400000,1.000000,750.000000,,2650.000000,9.100000,27.000000,4.000000,4.500000,,,,,,,,,,,
  Norite,,,,,,,,,,2.200000,1.000000,670.000000,,2860.000000,0.150000,0.500000,0.300000,0.110000,,,,,,,,,,,
  Olivinite,,,,,,,,,,3.200000,1.000000,800.000000,,3450.000000,0.010000,0.080000,0.050000,0.020000,,,,,,,,,,,
"  Peridotite, typical",,,,,,,,,,4.000000,1.000000,800.000000,,3200.000000,0.025000,0.025000,0.055000,0.020000,,,,,,,,,,,
"  Peridotite, serpentinized",,,,,,,,,,2.200000,1.000000,700.000000,,3100.000000,0.030000,0.030000,0.010000,0.010000,,,,,,,,,,,
  Pyroxenite,,,,,,,,,,3.800000,1.000000,1000.000000,,3220.000000,0.200000,0.550000,0.750000,0.190000,,,,,,,,,,,
  Quartz monzonite,,,,,,,,,,2.800000,1.000000,880.000000,,2700.000000,6.500000,27.000000,3.400000,3.860000,,,,,,,,,,,
  Rhyolite,,,,,,,,,,2.600000,1.200000,800.000000,,2500.000000,5.800000,13.000000,3.700000,2.530000,,,,,,,,,,,
"  Syenite, typical",,,,,,,,,,2.600000,1.000000,800.000000,,2760.000000,2.700000,15.000000,4.700000,2.220000,,,,,,,,,,,
"  Syenite, nepheline",,,,,,,,,,2.400000,1.000000,750.000000,,2650.000000,9.100000,27.000000,4.000000,4.500000,,,,,,,,,,,
  Tonalite,,,,,,,,,,2.550000,1.000000,800.000000,,2800.000000,0.000000,12.000000,2.500000,1.100000,,,,,,,,,,,
  Ultramafics,,,,,,,,,,3.800000,1.000000,900.000000,,3310.000000,0.001000,0.004000,0.003000,0.000000,,,,,,,,,,,
BasinMod Lith,,,,,,,,,,,,,,,,,,,,,,,,,,,,,
  Sandstone,45.000000,0.270000,,,,,,,1.75,4.400000,1.550000,1061.000000,,2640.000000,,,,,,1.000000,25.000000,45.000000,-1.800000,3.000000,4.330000,,,,
  Siltstone,55.000000,0.410000,,,,,,,2.2,2.000000,1.550000,1004.000000,,2640.000000,,,,,,1.000000,25.000000,55.000000,-6.280000,-1.000000,0.710000,,,,
  Shale,60.000000,0.510000,,,,,,,2.4,1.500000,1.550000,808.000000,,2600.000000,,,,,,1.000000,25.000000,60.000000,-8.520000,-3.000000,-1.000000,,,,
  Limestone,60.000000,0.220000,,,,,,,1.5,2.900000,1.550000,956.000000,,2720.000000,,,,,,1.000000,25.000000,60.000000,-2.200000,1.000000,1.520000,,,,
  Dolomite,60.000000,0.220000,,,,,,,1.5,4.800000,1.550000,912.000000,,2850.000000,,,,,,1.000000,25.000000,60.000000,0.110000,2.830000,3.920000,,,,
  Evaporite,0.000000,0.000000,,,,,,,0,5.400000,1.550000,814.000000,,2150.000000,,,,,,,,,,,,,,,
  Coal,90.000000,0.700000,,,,,,,3.5,0.300000,1.550000,528.000000,,1800.000000,,,,,,3.020000,25.000000,90.000000,-7.500000,-2.600000,0.000000,,,,
  Igneous,0.000000,0.000000,,,,,,,0,2.900000,1.550000,943.000000,,2650.000000,,,,,,,,,,,,,,,
